2.5000181626319515e-05
2.4687679355990523e-05
3.000021795158342e-05
3.3750245195531346e-05
3.156272930322839e-05
2.7812702059280462e-05
3.968778833178223e-05
4.093779741309821e-05
4.375031784605915e-05
3.156272930322839e-05
5.187537687461299e-05
3.656276562849229e-05
5.68754131998769e-05
4.531282919770412e-05
5.68754131998769e-05
6.406296541744377e-05
6.343796087678577e-05
6.125044498448281e-05
7.468804260862956e-05
7.500054487895854e-05
7.968807893389345e-05
7.937557666356447e-05
7.906307439323547e-05
9.000065385475026e-05
9.593819699100115e-05
0.00010406325601955499
0.00010812578553383191
0.00010968829688547688
0.00011156331050745084
0.0001250009081315976
0.0001293759399162035
0.00015125109883923308
0.0001390635102964023
0.00015625113516449696
0.0001703137373293017
0.00017781379181719756
0.00018125131679081648
0.0001906263849006863
0.00019812643938858218
0.00020843901430943896
0.00023031417323246854
0.0002443767753972733
0.00025218933215549814
0.0002728144819972117
0.0002753145001598437
0.00030906474535537503
0.00031468978622129694
0.00034031497238827443
0.00034156498146959037
0.0003809402675310436
0.00039687788331782233
0.0004178155354298649
0.0004303156262430247
0.0004803159894956637
0.00047687846452204477
0.0005300038504779738
0.0005590665616185702
0.0005821917296229157
0.0006096919294118672
0.0006440671791480565
0.0006615673062864802
0.0007578180055478103
0.0007587555123587973
0.0008328185504267689
0.0008565687229717724
0.0009225067020111902
0.0009709445539121842
0.0010093823331626505
0.0010750078099317393
0.0011153206028041793
0.0012100087907138647
0.0012681342129950575
0.0013481347941992799
0.001345322273766319
0.0014896983226583141
0.001542511206343914
0.0016625120781502479
0.001754700247897301
0.0018781386446772538
0.0019590767326924633
0.0020490773865472134
0.002163453217487625
0.002317829339030148
0.002435955197214508
0.0025634561235087375
0.002755645019761069
0.002891583507354181
0.0029853341884528792
0.0032243984252545597
0.0033740870127421476
0.003568463424886782
0.0037525272621105592
0.004030341780433035
0.004237843287931487
0.004430032184183818
0.004661596366497603
0.005004411357048509
0.0051887876965426155
0.005545352786987998
0.005846604975585148
0.00616285727315809
0.006498797213761758
0.006826299593066544
0.007279115382773256
0.007870369678235713
0.008181309437213062
0.008565062225177066
0.009064440853162799
0.009672257768952692
0.010081010738543016
0.01070101524287574
0.011333207335751294
0.011858836154444663
0.01262415421448037
0.013228533605296643
0.013941976288457737
0.014834482772517343
0.015633238575478253
0.016546682711649902
0.017479501988581947
0.018222944889694625
0.019297327695085707
0.02045514860665463
0.02160421945465434
0.02270703996664536
0.023951111504825085
0.02509580732104019
0.02674831932653991
0.028042078725701945
0.029736778537696077
0.031302414912044337
0.033136490736605205
0.03500681682452423
0.036761517072421535
0.038704343687056886
0.040934672390394916
0.04310187563512649
0.04551251814844435
0.047936285757116025
0.05030255294804717
0.053344137545159265
0.056147907914551
0.059145429691546715
0.062221389538395
0.06562110173730412
0.06901362638399568
0.07256927721579898
0.07655368116249364
0.08073246152133295
0.08523468172996278
0.08934564909614069
0.09413630890028417
0.09879915527586308
0.10425450740899633
0.10961079632243528
0.11512083635287611
0.12102119171895784
0.1275296765030998
0.13388097264526627
0.14097383667492344
0.14760763486946735
0.1552845656423694
0.16346962510682642
0.17137155751436534
0.18023693442132857
0.1888382469098638
0.19794768808995397
0.2083015133104942
0.21759095579829388
0.2286441610998304
0.2392058003301394
0.2506046331426598
0.26289222241199584
0.2748029339433151
0.2875014636981338
0.30121562583152167
0.3154560417881436
0.3295861444433394
0.34395281131717426
0.35962230015601065
0.37502522455825643
0.392702852986227
0.408732969445023
0.42576903071200817
0.44434197814447124
0.46224460820707863
0.48058786647084994
0.5001664462092318
0.5207500332489916
0.5414589336991533
0.5608168868346829
0.5828779846085582
0.6042859526374459
0.6260082979502847
0.6479412697933251
0.6709711246052202
0.6940359796713923
0.7160842648521841
0.7403325660160921
0.7620149110383287
0.7859713350817494
0.8093671300521998
0.8307119726224811
0.8539174537103013
0.8749904193053963
0.8975793334138573
0.9180922949405228
0.9383674422394679
0.9588529035663444
0.9766511578706619
0.9952378554030196
1.011812663318999
1.0271499622444757
1.0410622508172522
1.0545560988500582
1.0642280441167407
1.0736434250194828
1.0815775451608656
1.0868072706548213
1.088330406720405
1.0902438581216294
1.088174780589781
1.0839584999585024
1.0790031514578955
1.069718709006421
1.0577479970391985
1.043543206341394
1.0267262091659097
1.0056282433891883
0.98478965449684
0.9598738484835093
0.932720526214623
0.9032518746248692
0.8726688399391221
0.8382932777006625
0.8032608356899713
0.7651193085917769
0.7278765380230487
0.6881021865623854
0.6477453308698288
0.607184098692477
0.5656184842182879
0.5256266311774755
0.48479258451812657
0.44366291071104635
0.40485169124753695
0.3658935957169729
0.3296714575631392
0.29448995196950106
0.26157002530623386
0.23011760930443162
0.20065489525781405
0.17395626379225645
0.14938108525358437
0.12696842242558892
0.10708390296455504
0.08923939832422884
0.07430741484336884
0.06158544741827549
0.0509463076249249
0.04206468059990456
0.035167130489203
0.029672715572278636
0.02562612367378849
0.022779540493361686
0.021149216149055322
0.020095770995776287
0.020185459147360706
0.020754525781629805
0.021778595721497918
0.023111417904451075
0.02493018111776582
0.02686300765975065
0.028542082358228336
0.030358658055650776
0.03214023349879637
0.03362743180329205
0.03486056576201026
0.0360486993938011
0.03657620322611644
0.036964331045865044
0.036867455342063066
0.03632901393028621
0.03541056975778929
0.034312749282123536
0.03244523571463747
0.030862099213150786
0.028697395986581845
0.02647487984000204
0.023659859388878463
0.021245154346046326
0.018816699203319714
0.016195117657529783
0.014075102255617887
0.011764772971075635
0.009794133654380999
0.00797380792971461
0.006420359143909181
0.004996598800290284
0.0037984650958489217
0.0028737708779454285
0.002125952945048146
0.0015384486768296372
0.0010787578371756871
0.0007334428284621488
0.0004856285280912566
0.0003200023248168898
0.00020031395528088513
0.00012781342856455852
8.187559482619642e-05
3.656276562849229e-05
2.4687679355990523e-05
1.6250118057107684e-05
7.187552217566861e-06
3.1250227032899394e-06
1.2500090813159758e-06
6.250045406579879e-07
6.250045406579879e-07
0.0
0.0
0.0
0.0
0.0
0.0
0.0
0.0
0.0
0.0
0.0
0.0
0.0
0.0
0.0
0.0
0.0
0.0
0.0
0.0
0.0
0.0
0.0
0.0
0.0
0.0
0.0
0.0
0.0
0.0
0.0
0.0
0.0
0.0
0.0
0.0
0.0
0.0
0.0
0.0
0.0
0.0
0.0
0.0
0.0
0.0
0.0
0.0
0.0
0.0
0.0
0.0
0.0
0.0
0.0
0.0
0.0
0.0
0.0
0.0
0.0
0.0
0.0
0.0
0.0
0.0
0.0
0.0
0.0
0.0
0.0
0.0
0.0
0.0
0.0
0.0
0.0
0.0
0.0
0.0
0.0
0.0
0.0
0.0
0.0
0.0
0.0
0.0
0.0
0.0
0.0
0.0
0.0
0.0
0.0
0.0
0.0
0.0
0.0
0.0
0.0
0.0
0.0
0.0
0.0
0.0
0.0
0.0
0.0
0.0
0.0
0.0
0.0
0.0
0.0
0.0
0.0
0.0
0.0
0.0
0.0
0.0
0.0
0.0
0.0
0.0
0.0
0.0
0.0
0.0
0.0
0.0
0.0
0.0
0.0
0.0
0.0
0.0
0.0
0.0
0.0
0.0
0.0
0.0
0.0
0.0
0.0
0.0
0.0
0.0
0.0
0.0
0.0
0.0
0.0
0.0
0.0
0.0
0.0
0.0
0.0
0.0
0.0
0.0
0.0
0.0
0.0
0.0
0.0
0.0
0.0
0.0
0.0
0.0
0.0
0.0
0.0
0.0
0.0
0.0
0.0
0.0
