100000 27.16
101000 27.40
102000 27.68
103000 27.88
104000 28.16
105000 28.60
106000 28.68
107000 28.96
108000 29.20
109000 29.36
110000 29.76
111000 29.96
112000 30.04
113000 30.52
114000 30.60
115000 30.72
116000 31.24
117000 31.32
118000 31.56
119000 31.92
120000 32.08
121000 32.32
122000 32.48
123000 32.84
124000 32.92
125000 33.28
126000 33.48
127000 33.64
128000 33.96
129000 34.32
130000 34.40
131000 34.92
132000 35.16
133000 35.36
134000 35.84
135000 36.00
136000 36.48
137000 36.76
138000 36.92
139000 37.36
140000 37.60
141000 37.84
142000 38.28
143000 38.52
144000 38.84
145000 39.20
146000 39.64
147000 39.76
148000 40.24
149000 40.44
150000 40.92
151000 41.16
152000 41.48
153000 41.88
154000 42.32
155000 42.56
156000 42.88
157000 43.28
158000 43.56
159000 43.80
160000 44.32
161000 44.56
162000 44.84
163000 45.24
164000 45.72
165000 45.80
166000 46.24
167000 46.60
168000 46.84
169000 47.24
170000 47.64
171000 47.76
172000 48.16
173000 48.56
174000 48.64
175000 49.08
176000 49.36
177000 49.56
178000 49.92
179000 50.36
180000 50.48
181000 50.84
182000 51.12
183000 51.24
184000 51.72
185000 52.04
186000 52.16
187000 52.56
188000 52.84
189000 53.00
190000 53.36
191000 53.72
192000 53.88
193000 54.32
194000 54.48
195000 54.64
196000 55.08
197000 55.32
198000 55.60
199000 55.76
200000 56.04
201000 56.32
202000 56.56
203000 56.72
204000 56.96
205000 57.52
206000 57.60
207000 57.84
208000 58.16
209000 58.44
210000 58.72
211000 58.84
212000 59.04
213000 59.40
214000 59.64
215000 59.72
216000 60.16
217000 60.28
218000 60.44
219000 60.88
220000 61.08
221000 61.16
222000 61.60
223000 61.76
224000 61.84
225000 62.32
226000 62.48
227000 62.60
228000 62.88
229000 63.28
230000 63.36
231000 63.60
232000 63.96
233000 64.12
234000 64.44
235000 64.68
236000 64.92
237000 65.20
238000 65.44
239000 65.64
240000 66.00
241000 66.28
242000 66.48
243000 66.76
244000 67.04
245000 67.32
246000 67.68
247000 67.96
248000 68.12
249000 68.52
250000 68.72
251000 69.00
252000 69.28
253000 69.68
254000 69.92
255000 70.28
256000 70.52
257000 70.68
258000 71.00
259000 71.48
260000 71.60
261000 71.92
262000 72.40
263000 72.60
264000 72.96
265000 73.32
266000 73.48
267000 73.84
268000 74.32
269000 74.64
270000 74.76
271000 75.20
272000 75.64
273000 75.76
274000 76.04
275000 76.48
276000 76.72
277000 77.04
278000 77.36
279000 77.80
280000 77.84
281000 78.28
282000 78.64
283000 78.80
284000 79.16
285000 79.44
286000 79.72
287000 79.84
288000 80.32
289000 80.48
290000 80.64
291000 80.96
292000 81.32
293000 81.36
294000 81.76
295000 82.08
296000 82.12
297000 82.28
298000 82.64
299000 82.92
300000 82.92
301000 83.24
302000 83.52
303000 83.60
304000 83.72
305000 84.20
306000 84.44
307000 84.52
308000 84.72
309000 85.16
310000 85.24
311000 85.52
312000 85.80
313000 85.96
314000 86.24
315000 86.44
316000 86.72
317000 86.96
318000 87.12
319000 87.44
320000 87.52
321000 87.80
322000 88.04
323000 88.28
324000 88.44
325000 88.80
326000 88.88
327000 89.12
328000 89.28
329000 89.60
330000 89.76
331000 90.00
332000 90.32
333000 90.44
334000 90.48
335000 90.92
336000 91.04
337000 91.24
338000 91.60
339000 91.80
340000 91.96
341000 92.16
342000 92.40
343000 92.68
344000 92.76
345000 92.92
346000 93.28
347000 93.40
348000 93.64
349000 94.04
350000 94.20
351000 94.32
352000 94.52
353000 95.00
354000 95.20
355000 95.36
356000 95.56
357000 95.92
358000 96.08
359000 96.32
360000 96.56
361000 96.76
362000 96.96
363000 97.28
364000 97.76
365000 97.84
366000 98.04
367000 98.20
368000 98.68
369000 99.00
370000 99.20
371000 99.48
372000 99.72
373000 99.88
374000 100.24
375000 100.48
376000 100.76
377000 101.20
378000 101.40
379000 101.60
380000 101.84
381000 102.12
382000 102.44
383000 102.64
384000 102.88
385000 103.24
386000 103.48
387000 103.84
388000 104.00
389000 104.12
390000 104.48
391000 104.88
392000 105.12
393000 105.20
394000 105.52
395000 105.80
396000 106.04
397000 106.40
398000 106.56
399000 106.76
400000 107.16
401000 107.40
402000 107.64
403000 107.92
404000 108.20
405000 108.36
406000 108.72
407000 108.92
408000 109.16
409000 109.28
410000 109.60
411000 109.88
412000 110.12
413000 110.24
414000 110.40
415000 110.52
416000 111.00
417000 111.28
418000 111.44
419000 111.68
420000 111.84
421000 112.04
422000 112.36
423000 112.52
424000 112.84
425000 113.08
426000 113.32
427000 113.32
428000 113.72
429000 114.00
430000 114.20
431000 114.40
432000 114.60
433000 114.68
434000 115.00
435000 115.32
436000 115.60
437000 115.72
438000 115.84
439000 116.40
440000 116.64
441000 116.80
442000 116.92
443000 117.24
444000 117.44
445000 117.72
446000 118.04
447000 118.16
448000 118.32
449000 118.44
450000 118.92
451000 119.12
452000 119.24
453000 119.40
454000 119.64
455000 120.08
456000 120.28
457000 120.48
458000 120.48
459000 120.56
460000 121.28
461000 121.44
462000 121.56
463000 121.64
464000 121.96
465000 122.12
466000 122.24
467000 122.44
468000 122.92
469000 123.04
470000 123.24
471000 123.40
472000 123.68
473000 123.84
474000 124.08
475000 124.32
476000 124.56
477000 124.60
478000 125.00
479000 125.28
480000 125.40
481000 125.60
482000 125.68
483000 126.04
484000 126.48
485000 126.60
486000 126.76
487000 126.92
488000 127.20
489000 127.68
490000 127.96
491000 128.12
492000 128.44
493000 128.68
494000 128.88
495000 129.20
496000 129.60
497000 129.76
498000 129.92
499000 130.16
500000 130.40
501000 130.80
502000 131.00
503000 131.28
504000 131.80
505000 132.08
506000 132.24
507000 132.40
508000 132.72
509000 133.00
510000 133.28
511000 133.44
512000 133.48
513000 134.08
514000 134.36
515000 134.60
516000 134.68
517000 134.84
518000 135.12
519000 135.64
520000 135.76
521000 135.96
522000 136.40
523000 136.56
524000 136.76
525000 136.88
526000 137.16
527000 137.36
528000 137.76
529000 138.08
530000 138.16
531000 138.32
532000 138.52
533000 138.88
534000 139.12
535000 139.28
536000 139.48
537000 139.64
538000 139.96
539000 140.20
540000 140.40
541000 140.52
542000 140.68
543000 141.28
544000 141.40
545000 141.40
546000 141.84
547000 142.04
548000 142.20
549000 142.44
550000 142.60
551000 142.88
552000 143.12
553000 143.48
554000 143.76
555000 143.96
556000 144.08
557000 144.40
558000 144.60
559000 144.84
560000 145.20
561000 145.40
562000 145.60
563000 145.84
564000 146.04
565000 146.32
566000 146.60
567000 146.84
568000 147.12
569000 147.44
570000 147.68
571000 147.92
572000 148.12
573000 148.44
574000 148.84
575000 149.04
576000 149.24
577000 149.52
578000 149.60
579000 149.92
580000 150.24
581000 150.44
582000 150.72
583000 151.00
584000 151.16
585000 151.28
586000 151.44
587000 151.68
588000 152.04
589000 152.44
590000 152.64
591000 152.72
592000 152.84
593000 153.28
594000 153.52
595000 153.84
596000 153.96
597000 154.12
598000 154.40
599000 154.56
600000 154.84
601000 155.16
602000 155.36
603000 155.56
604000 155.88
605000 156.12
606000 156.28
607000 156.68
608000 156.92
609000 157.24
610000 157.40
611000 157.72
612000 157.96
613000 158.20
614000 158.32
615000 158.52
616000 158.96
617000 159.16
618000 159.32
619000 159.80
620000 160.00
621000 160.16
622000 160.36
623000 160.48
624000 160.84
625000 161.16
626000 161.36
627000 161.48
628000 161.72
629000 161.88
630000 162.12
631000 162.32
632000 162.52
633000 162.80
634000 163.00
635000 162.96
636000 163.04
637000 163.44
638000 163.84
639000 164.00
640000 164.04
641000 164.12
642000 164.12
643000 164.76
644000 164.76
645000 164.72
646000 164.80
647000 165.24
648000 165.40
649000 165.56
650000 165.64
651000 165.92
652000 166.00
653000 166.08
654000 166.32
655000 166.80
656000 166.88
657000 167.04
658000 167.20
659000 167.56
660000 167.80
661000 168.12
662000 168.64
663000 168.88
664000 168.96
665000 169.16
666000 169.44
667000 169.92
668000 170.16
669000 170.56
670000 170.96
671000 171.16
672000 171.36
673000 171.72
674000 171.92
675000 172.24
676000 172.60
677000 172.92
678000 173.12
679000 173.36
680000 173.48
681000 173.84
682000 174.24
683000 174.40
684000 174.52
685000 174.60
686000 175.00
687000 175.36
688000 175.48
689000 175.72
690000 176.04
691000 176.24
692000 176.56
693000 176.92
694000 177.04
695000 177.12
696000 177.20
697000 177.88
698000 178.00
699000 178.16
700000 178.52
701000 178.60
702000 178.72
703000 179.04
704000 179.44
705000 179.48
706000 179.68
707000 179.84
708000 180.24
709000 180.48
710000 180.84
711000 180.88
712000 181.08
713000 181.32
714000 181.56
715000 181.84
716000 182.16
717000 182.44
718000 182.56
719000 182.72
720000 182.88
721000 183.28
722000 183.60
723000 183.80
724000 183.76
725000 184.16
726000 184.28
727000 184.44
728000 184.72
729000 185.12
730000 185.20
731000 185.52
732000 185.72
733000 185.96
734000 186.20
735000 186.48
736000 186.64
737000 186.80
738000 187.00
739000 187.40
740000 187.64
741000 187.92
742000 188.04
743000 188.28
744000 188.36
745000 188.64
746000 188.92
747000 189.20
748000 189.44
749000 189.52
750000 189.64
751000 190.16
752000 190.32
753000 190.44
754000 190.80
755000 191.00
756000 191.08
757000 191.32
758000 191.68
759000 192.12
760000 192.28
761000 192.44
762000 192.64
763000 192.92
764000 193.52
765000 193.72
766000 193.92
767000 194.16
768000 194.60
769000 194.96
770000 195.16
771000 195.44
772000 195.84
773000 196.04
774000 196.24
775000 196.68
776000 197.16
777000 197.32
778000 197.52
779000 197.72
780000 198.04
781000 198.36
782000 198.68
783000 198.92
784000 198.92
785000 199.12
786000 199.60
787000 199.84
788000 200.00
789000 200.08
790000 200.04
791000 200.64
792000 200.96
793000 200.96
794000 200.96
795000 201.40
796000 201.56
797000 201.80
798000 201.68
799000 201.96
800000 202.28
801000 202.40
802000 202.28
803000 202.52
804000 203.00
805000 203.04
806000 203.04
807000 203.24
808000 203.56
809000 203.76
810000 203.84
811000 204.20
812000 204.24
813000 204.48
814000 204.72
815000 204.96
816000 205.16
817000 205.64
818000 205.80
819000 206.00
820000 206.28
821000 206.40
822000 206.76
823000 207.04
824000 207.24
825000 207.52
826000 207.68
827000 207.92
828000 208.16
829000 208.32
830000 208.76
831000 209.12
832000 209.32
833000 209.56
834000 209.72
835000 209.92
836000 210.16
837000 210.36
838000 210.68
839000 211.08
840000 211.32
841000 211.44
842000 211.60
843000 211.84
844000 212.12
845000 212.56
846000 212.88
847000 213.12
848000 213.24
849000 213.44
850000 213.60
851000 214.04
852000 214.28
853000 214.48
854000 214.68
855000 214.96
856000 215.24
857000 215.60
858000 215.92
859000 216.12
860000 216.48
861000 216.84
862000 217.12
863000 217.36
864000 217.60
865000 217.72
866000 218.08
867000 218.60
868000 218.88
869000 219.24
870000 219.32
871000 219.72
872000 219.88
873000 220.20
874000 220.44
875000 220.68
876000 221.00
877000 221.12
878000 221.32
879000 221.72
880000 222.04
881000 222.28
882000 222.48
883000 222.60
884000 222.60
885000 223.20
886000 223.52
887000 223.48
888000 223.56
889000 223.88
890000 224.08
891000 224.28
892000 224.72
893000 224.96
894000 225.00
895000 225.08
896000 225.32
897000 225.64
898000 225.80
899000 225.92
900000 226.44
901000 226.56
902000 226.72
903000 227.04
904000 227.24
905000 227.44
906000 227.84
907000 228.04
908000 228.24
909000 228.52
910000 228.84
911000 229.12
912000 229.36
913000 229.64
914000 229.96
915000 229.96
916000 230.20
917000 230.60
918000 230.96
919000 231.16
920000 231.32
921000 231.44
922000 231.68
923000 232.04
924000 232.44
925000 232.72
926000 232.96
927000 233.08
928000 233.20
929000 233.40
930000 233.80
931000 234.24
932000 234.52
933000 234.64
934000 234.72
935000 234.96
936000 235.40
937000 235.72
938000 235.92
939000 236.20
940000 236.56
941000 236.68
942000 237.00
943000 237.24
944000 237.40
945000 237.84
946000 238.08
947000 238.32
948000 238.40
949000 238.60
950000 239.04
951000 239.28
952000 239.52
953000 239.64
954000 239.96
955000 240.08
956000 240.28
957000 240.72
958000 240.92
959000 241.08
960000 241.28
961000 241.44
962000 241.68
963000 241.84
964000 242.12
965000 242.32
966000 242.44
967000 242.64
968000 242.92
969000 243.28
970000 243.44
971000 243.56
972000 243.64
973000 243.92
974000 244.28
975000 244.36
976000 244.60
977000 244.84
978000 245.16
979000 245.48
980000 245.68
981000 245.92
982000 246.32
983000 246.48
984000 246.76
985000 247.00
986000 247.32
987000 247.40
988000 247.64
989000 247.92
990000 248.36
991000 248.64
992000 248.76
993000 248.92
994000 249.12
995000 249.56
996000 249.84
997000 250.12
998000 250.44
999000 250.72
1000000 250.88
1001000 251.08
1002000 251.32
1003000 251.52
1004000 251.84
1005000 252.00
1006000 252.32
1007000 252.52
1008000 252.84
1009000 253.08
1010000 253.40
1011000 253.44
1012000 253.68
1013000 254.04
1014000 254.24
1015000 254.64
1016000 254.76
1017000 254.96
1018000 255.04
1019000 255.48
1020000 255.80
1021000 256.00
1022000 256.36
1023000 256.64
1024000 256.92
1025000 257.12
1026000 257.28
1027000 257.60
1028000 258.00
1029000 258.32
1030000 258.52
1031000 258.72
1032000 258.92
1033000 259.24
1034000 259.56
1035000 259.80
1036000 260.04
1037000 260.16
1038000 260.36
1039000 260.40
1040000 260.76
1041000 261.16
1042000 261.24
1043000 261.44
1044000 261.76
1045000 262.00
1046000 262.24
1047000 262.40
1048000 262.60
1049000 262.60
1050000 262.56
1051000 263.24
1052000 263.32
1053000 263.44
1054000 263.68
1055000 263.96
1056000 264.12
1057000 264.24
1058000 264.40
1059000 264.84
1060000 264.92
1061000 265.00
1062000 265.28
1063000 265.36
1064000 265.68
1065000 265.80
1066000 266.00
1067000 266.32
1068000 266.44
1069000 266.48
1070000 266.88
1071000 267.08
1072000 267.28
1073000 267.60
1074000 267.92
1075000 268.04
1076000 268.20
1077000 268.56
1078000 268.96
1079000 269.20
1080000 269.44
1081000 269.64
1082000 270.04
1083000 270.40
1084000 270.76
1085000 271.04
1086000 271.28
1087000 271.60
1088000 272.00
1089000 272.40
1090000 272.80
1091000 273.12
1092000 273.36
1093000 273.84
1094000 274.08
1095000 274.44
1096000 274.68
1097000 274.84
1098000 275.12
1099000 275.44
1100000 275.60
1101000 275.88
1102000 276.28
1103000 276.36
1104000 276.60
1105000 277.08
1106000 277.16
1107000 277.28
1108000 277.32
1109000 277.64
1110000 277.96
1111000 278.04
1112000 278.28
1113000 278.52
1114000 278.88
1115000 279.08
1116000 279.04
1117000 279.08
1118000 279.24
1119000 279.56
1120000 279.84
1121000 280.00
1122000 280.28
1123000 280.52
1124000 280.68
1125000 280.84
1126000 280.92
1127000 281.32
1128000 281.64
1129000 281.80
1130000 281.96
1131000 282.16
1132000 282.44
1133000 282.68
1134000 282.84
1135000 283.32
1136000 283.44
1137000 283.60
1138000 283.76
1139000 284.00
1140000 284.32
